CURRENT: 0.566590 0.568170 0.575708 0.522188 0.533281 0.538605 0.544177 0.544871 0.548981 0.550863 0.552597 0.554357 0.555874 0.557711 0.558775 0.560318 0.561085 0.562958 0.563879 0.565929 0.566532 0.567577 0.568689 0.569560
EWMA: 0.408108 0.404480 0.399433 0.390601 0.399774 0.405489 0.409835 0.412772 0.415979 0.418240 0.420364 0.422313 0.424165 0.426007 0.427625 0.429296 0.430835 0.432540 0.433967 0.435454 0.436612 0.437841 0.439032 0.440115
LINEAR: 0.609815 0.610324 0.611912 0.613966 0.613360 0.612864 0.612500 0.612244 0.612216 0.612065 0.612059 0.612051 0.612050 0.612017 0.612088 0.612136 0.612127 0.612230 0.612263 0.612332 0.612384 0.612345 0.612340 0.612294
LIN_HISTORIC: 0.600602 0.601288 0.601284 0.605723 0.606765 0.607376 0.607814 0.608151 0.608580 0.608804 0.609109 0.609350 0.609589 0.609751 0.609975 0.610165 0.610265 0.610482 0.610606 0.610756 0.610887 0.610920 0.610979 0.610983
LSTM: 0.596729 0.603459 0.597258 0.598136 0.602158 0.598235 0.606221 0.603003 0.603602 0.606169 0.605807 0.605837 0.607650 0.615545 0.624401 0.625395 0.608376 0.608507 0.610053 0.610826 0.609235 0.609260 0.609798 0.610586
GRU: 0.606053 0.605875 0.604205 0.600732 0.603912 0.606842 0.605580 0.608073 0.608112 0.608777 0.608895 0.608985 0.610590 0.609769 0.609136 0.610136 0.610383 0.610626 0.610483 0.610252 0.612998 0.610925 0.610960 0.610918
SIMPLE_RNN: 0.773014 0.793856 0.746741 0.950547 0.826956 0.812261 0.801967 0.720172 0.711154 0.675093 0.683026 0.696067 0.753153 0.758935 0.658634 0.687311 0.663171 0.678505 0.676538 0.650059 0.640084 0.635367 0.685701 0.647854
TRANSFORMER: 0.609811 0.609013 0.607944 0.606909 0.608289 0.608939 0.607401 0.608906 0.601913 0.608293 0.609291 0.608852 0.609408 0.601370 0.609219 0.608745 0.609212 0.609672 0.609253 0.609337 0.609419 0.609470 0.609280 0.609527
