CURRENT: 9.797669 9.837044 9.821096 9.722298 9.731171 9.744416 9.781096 9.815195 9.858295 9.885322 9.907981 9.936903 9.961531 9.982398 9.997253 10.013438 10.028512 10.043517 10.056510 10.068852 10.094154 10.113538 10.126460 10.133429
EWMA: 8.212125 8.219475 8.215865 8.217160 8.252536 8.288388 8.326793 8.361128 8.394814 8.420031 8.442913 8.467320 8.486373 8.502561 8.519154 8.533592 8.547135 8.560060 8.573678 8.586159 8.598514 8.611971 8.620348 8.626921
LINEAR: 3.609683 3.622299 3.626489 3.620313 3.612784 3.607269 3.602554 3.599211 3.596343 3.594203 3.592522 3.591039 3.590338 3.589180 3.588195 3.588043 3.587433 3.586819 3.586640 3.586772 3.586482 3.586741 3.587195 3.587404
LIN_HISTORIC: 3.580145 3.607540 3.616651 3.612824 3.605898 3.599470 3.593805 3.588267 3.584588 3.582014 3.579520 3.577220 3.575823 3.574774 3.574421 3.574982 3.574912 3.574840 3.574940 3.575491 3.575804 3.576363 3.577220 3.577944
LSTM: 3.858027 3.944017 4.019716 3.721327 3.846267 3.697380 3.784957 3.966252 3.830654 3.786579 3.697326 3.734321 3.826350 3.678940 3.793541 3.843421 3.738972 3.724351 3.736157 3.789006 3.931682 3.733238 3.688912 3.715174
GRU: 4.034797 3.778992 3.821350 3.779631 3.707835 3.705922 3.675226 3.717808 3.656727 3.686024 3.669160 3.650652 3.663959 3.619277 3.643124 3.683838 3.760384 3.713930 3.712667 3.640984 3.640356 3.656314 3.655758 3.655442
SIMPLE_RNN: 3.604479 3.566954 3.679030 3.563406 3.562600 3.571669 3.570714 3.570278 3.574714 3.573641 3.572673 3.570858 3.570228 3.569178 3.581053 3.577232 3.579636 3.574876 3.575105 3.572931 3.578596 3.577055 3.577215 3.582351
TRANSFORMER: 3.690774 3.575192 3.667971 3.581539 3.683395 3.572084 3.574087 3.576065 3.571671 3.723787 3.570522 3.682214 3.810874 3.607836 3.607906 3.587144 3.727961 3.573622 3.609780 3.572494 3.667699 3.574072 3.577667 3.615001
