CURRENT: 0.360222 0.355585 0.340994 0.313827 0.318751 0.326737 0.333787 0.340816 0.349169 0.358019 0.365574 0.371994 0.378660 0.384220 0.389445 0.394504 0.399077 0.403570 0.407805 0.411522 0.415256 0.418558 0.422002 0.425103
EWMA: 0.249929 0.246916 0.244813 0.247175 0.258812 0.269960 0.280014 0.289511 0.298598 0.306956 0.314231 0.320773 0.326942 0.332397 0.337499 0.342298 0.346716 0.350873 0.354715 0.358361 0.361779 0.365044 0.368207 0.371105
LINEAR: 0.317913 0.317812 0.317505 0.317704 0.317794 0.317841 0.317893 0.317891 0.317875 0.317866 0.317954 0.317942 0.317932 0.318017 0.318010 0.318001 0.318082 0.318085 0.318114 0.318217 0.318292 0.318407 0.318511 0.318593
LIN_HISTORIC: 0.316598 0.316534 0.316545 0.316985 0.317210 0.317308 0.317438 0.317472 0.317467 0.317489 0.317610 0.317623 0.317635 0.317733 0.317734 0.317733 0.317830 0.317847 0.317887 0.318010 0.318095 0.318215 0.318327 0.318411
LSTM: 0.309055 0.309943 0.311547 0.310458 0.315937 0.315610 0.316519 0.316132 0.316551 0.316860 0.316726 0.316407 0.316940 0.317194 0.316976 0.317318 0.317210 0.317617 0.317864 0.317970 0.317945 0.318062 0.318227 0.318371
GRU: 0.369821 0.319079 0.316116 0.315506 0.316462 0.316433 0.316750 0.317045 0.317069 0.317102 0.317198 0.317324 0.317305 0.317485 0.317460 0.317518 0.317604 0.317852 0.317948 0.318047 0.318135 0.318290 0.318341 0.318471
SIMPLE_RNN: 1.620302 3.133855 2.031888 1.276810 0.731160 0.943478 0.704247 0.644701 0.631810 0.731783 0.682286 0.472106 0.592589 0.595462 0.727709 0.632858 0.546302 0.599836 0.464130 0.519013 0.437421 0.497289 0.591007 0.470706
TRANSFORMER: 0.317349 0.317330 0.317597 0.318146 0.317528 0.317397 0.317478 0.317662 0.317739 0.317985 0.317572 0.317386 0.317551 0.317227 0.317466 0.317417 0.317434 0.317750 0.317499 0.317479 0.317234 0.317510 0.317470 0.317388