CURRENT: 0.617416 0.613521 0.620491 0.578144 0.582281 0.588798 0.592230 0.596011 0.599202 0.601463 0.605232 0.607664 0.610390 0.612218 0.613679 0.614873 0.617595 0.618268 0.619411 0.620477 0.621271 0.622143 0.622918 0.622994
EWMA: 0.486891 0.483849 0.480841 0.474701 0.481700 0.487597 0.491950 0.495720 0.499097 0.502029 0.504884 0.507260 0.509310 0.510963 0.512594 0.514067 0.515514 0.516413 0.517556 0.518312 0.518925 0.519443 0.519738 0.519795
LINEAR: 0.637532 0.637495 0.634870 0.634151 0.634663 0.635164 0.635446 0.635677 0.635824 0.636073 0.636134 0.636267 0.636460 0.636461 0.636506 0.636659 0.636626 0.636602 0.636565 0.636682 0.636646 0.636615 0.636750 0.636724
LIN_HISTORIC: 0.602317 0.602663 0.602925 0.608097 0.613937 0.617947 0.620730 0.622828 0.624411 0.625736 0.626745 0.627656 0.628491 0.629073 0.629615 0.630147 0.630454 0.630743 0.631014 0.631406 0.631612 0.631797 0.632119 0.632288
LSTM: 0.629242 0.630642 0.623053 0.620173 0.621383 0.622993 0.628566 0.627659 0.630111 0.631981 0.631481 0.632698 0.632712 0.632982 0.633598 0.633938 0.634324 0.634645 0.634451 0.634753 0.634976 0.634750 0.635201 0.636146
GRU: 0.630497 0.633475 0.628808 0.626907 0.629960 0.631307 0.630783 0.633443 0.633671 0.633867 0.632890 0.634867 0.634961 0.634433 0.635327 0.634613 0.635253 0.635437 0.635387 0.635497 0.635683 0.635768 0.635917 0.635967
SIMPLE_RNN: 1.514914 0.706010 0.685912 0.843099 0.817386 0.689520 0.665856 0.730031 0.721401 0.693117 0.687500 0.703430 0.689468 0.668550 0.673948 0.664934 0.657164 0.657357 0.663502 0.651400 0.649328 0.657863 0.656431 0.648502
TRANSFORMER: 0.637243 0.637227 0.637493 0.637708 0.638431 0.637081 0.637557 0.637244 0.637446 0.637348 0.636919 0.637719 0.637714 0.637197 0.637282 0.638553 0.637055 0.637407 0.638402 0.637103 0.637327 0.638003 0.637612 0.637379
