CURRENT: 1.965877 1.895142 1.864775 1.634249 1.680529 1.708549 1.751282 1.774463 1.817500 1.863005 1.903916 1.931046 1.962614 1.996879 2.025801 2.049056 2.068921 2.091895 2.110963 2.123260 2.132106 2.143201 2.153462 2.161674
EWMA: 1.260939 1.225418 1.206761 1.193000 1.261688 1.318041 1.372287 1.419961 1.468930 1.512704 1.550244 1.582885 1.614170 1.642432 1.666256 1.686422 1.704188 1.720141 1.732831 1.742567 1.751192 1.759633 1.766586 1.772231
LINEAR: 2.742710 2.426275 2.575241 2.733115 2.599249 2.508979 2.419380 2.375217 2.329149 2.290116 2.248457 2.214058 2.201799 2.174313 2.151255 2.132876 2.129180 2.110325 2.093618 2.082347 2.081247 2.069403 2.057236 2.048975
LIN_HISTORIC: 2.742710 2.426275 2.575241 2.640383 2.523284 2.443457 2.359017 2.322375 2.281191 2.246219 2.208234 2.176123 2.164170 2.139909 2.118331 2.101732 2.096164 2.078925 2.063080 2.053166 2.051543 2.042341 2.031191 2.019299
LSTM: 1.611190 4.819864 5.645712 5.5597749 9.338019 9.059404 6.243767 8.867487 11.348237 5.889260 7.510270 6.621319 6.752911 6.922971 10.514820 8.032921 6.214255 6.928371 8.037293 7.265326 8.627629 5.642020 8.911766 6.336993
GRU: 1.815102 10.464694 6.802914 6.146955 8.340314 7.773237 4.447310 5.237975 3.360902 4.842422 6.140957 3.709510 6.469507 4.410736 4.997816 6.938629 5.660244 4.752625 4.477793 5.456600 4.179295 5.029163 4.811386 3.740334
SIMPLE_RNN: 2.088317 2.031281 2.435245 2.083844 2.612316 2.005630 2.013098 1.921386 2.023349 1.913278 2.035526 1.918433 1.915335 1.850915 1.875281 1.907535 1.872589 1.903548 1.861315 1.866674 1.848662 1.915580 1.865001 1.831105
TRANSFORMER: 1.755170 1.642122 1.945672 1.649044 1.658290 1.642823 1.670015 1.755365 1.755064 1.758640 1.624659 1.723483 1.612198 1.663342 1.624382 1.754894 1.675421 1.754098 1.616983 1.755136 1.755707 1.753912 1.756033 1.755745
