CURRENT: 0.566590 0.568170 0.575708 0.522188 0.533281 0.538605 0.544177 0.544871 0.548981 0.550863 0.552597 0.554357 0.555874 0.557711 0.558775 0.560318 0.561085 0.562958 0.563879 0.565929 0.566532 0.567577 0.568689 0.569560
EWMA: 0.408108 0.404480 0.399433 0.390601 0.399774 0.405489 0.409835 0.412772 0.415979 0.418240 0.420364 0.422313 0.424165 0.426007 0.427625 0.429296 0.430835 0.432540 0.433967 0.435454 0.436612 0.437841 0.439032 0.440115
LINEAR: 0.609815 0.610324 0.611912 0.613966 0.613360 0.612864 0.612500 0.612244 0.612216 0.612065 0.612059 0.612051 0.612050 0.612017 0.612088 0.612136 0.612127 0.612230 0.612263 0.612332 0.612384 0.612345 0.612340 0.612294
LIN_HISTORIC: 0.600602 0.601288 0.601284 0.605723 0.606765 0.607376 0.607814 0.608151 0.608580 0.608804 0.609109 0.609350 0.609589 0.609751 0.609975 0.610165 0.610265 0.610482 0.610606 0.610756 0.610887 0.610920 0.610979 0.610983
LSTM: 0.605744 0.606310 0.607243 0.607842 0.602503 0.607184 0.607779 0.684955 0.609275 0.609778 0.613199 0.610279 0.610738 0.609661 0.610790 0.609132 0.610892 0.610507 0.610940 0.610756 0.610248 0.611813 0.613266 0.612012
GRU: 0.801460 0.648095 0.621016 0.608998 0.612929 0.808895 0.657414 0.622336 0.609758 0.621337 0.617444 0.614066 0.638629 0.616274 0.658882 0.636901 0.624112 0.612985 0.613780 0.614599 0.612319 0.617446 0.611348 0.615604
SIMPLE_RNN: 0.938952 1.838111 1.354647 2.825028 1.562741 2.431373 1.755295 1.507348 2.011686 1.209748 1.729622 1.743731 1.985708 0.907045 1.187610 1.665296 1.890235 1.219309 1.868963 1.526512 0.924216 1.222621 0.984254 1.323143
TRANSFORMER: 0.609716 0.606516 0.607617 0.608090 0.609112 0.610054 0.608463 0.608782 0.607281 0.606739 0.608151 0.609013 0.609095 0.608626 0.609623 0.609342 0.609467 0.608661 0.607938 0.607157 0.609349 0.608776 0.609591 0.607318
