CURRENT: 0.360222 0.355585 0.340994 0.313827 0.318751 0.326737 0.333787 0.340816 0.349169 0.358019 0.365574 0.371994 0.378660 0.384220 0.389445 0.394504 0.399077 0.403570 0.407805 0.411522 0.415256 0.418558 0.422002 0.425103
EWMA: 0.249929 0.246916 0.244813 0.247175 0.258812 0.269960 0.280014 0.289511 0.298598 0.306956 0.314231 0.320773 0.326942 0.332397 0.337499 0.342298 0.346716 0.350873 0.354715 0.358361 0.361779 0.365044 0.368207 0.371105
LINEAR: 0.317913 0.317812 0.317505 0.317704 0.317794 0.317841 0.317893 0.317891 0.317875 0.317866 0.317954 0.317942 0.317932 0.318017 0.318010 0.318001 0.318082 0.318085 0.318114 0.318217 0.318292 0.318407 0.318511 0.318593
LIN_HISTORIC: 0.316598 0.316534 0.316545 0.316985 0.317210 0.317308 0.317438 0.317472 0.317467 0.317489 0.317610 0.317623 0.317635 0.317733 0.317734 0.317733 0.317830 0.317847 0.317887 0.318010 0.318095 0.318215 0.318327 0.318411
LSTM: 0.313862 0.316193 0.317059 0.316263 0.317779 0.329471 0.317513 0.317543 0.317250 0.317593 0.317864 0.323049 0.317149 0.317621 0.318692 0.317769 0.317954 0.318655 0.319516 0.322854 0.318089 0.318341 0.318532 0.318513
GRU: 0.405102 0.376170 0.625652 0.31874 0.337494 0.322987 0.463692 0.317910 0.337430 0.343742 0.317572 0.500466 0.347342 0.323575 0.332240 0.521439 0.327148 0.321835 0.324862 0.335723 0.324533 0.554244 0.336912 0.502325
SIMPLE_RNN: 2.262540 0.739956 1.303223 1.207130 1.954367 1.028834 3.058032 0.800406 3.723952 1.861122 1.983903 1.542611 0.892085 2.289989 0.707141 1.976790 1.768920 0.651614 1.263590 1.162405 1.286861 0.778804 1.106048 0.944621
TRANSFORMER: 0.317193 0.317277 0.317024 0.317329 0.317588 0.317540 0.317360 0.317236 0.317566 0.317848 0.317396 0.316859 0.318123 0.317453 0.317697 0.317230 0.317087 0.317487 0.317552 0.317457 0.317369 0.317584 0.317401 0.317141
