CURRENT: 9.797669 9.837044 9.821096 9.722298 9.731171 9.744416 9.781096 9.815195 9.858295 9.885322 9.907981 9.936903 9.961531 9.982398 9.997253 10.013438 10.028512 10.043517 10.056510 10.068852 10.094154 10.113538 10.126460 10.133429
EWMA: 8.212125 8.219475 8.215865 8.217160 8.252536 8.288388 8.326793 8.361128 8.394814 8.420031 8.442913 8.467320 8.486373 8.502561 8.519154 8.533592 8.547135 8.560060 8.573678 8.586159 8.598514 8.611971 8.620348 8.626921
LINEAR: 3.609683 3.622299 3.626489 3.620313 3.612784 3.607269 3.602554 3.599211 3.596343 3.594203 3.592522 3.591039 3.590338 3.589180 3.588195 3.588043 3.587433 3.586819 3.586640 3.586772 3.586482 3.586741 3.587195 3.587404
LIN_HISTORIC: 3.580145 3.607540 3.616651 3.612824 3.605898 3.599470 3.593805 3.588267 3.584588 3.582014 3.579520 3.577220 3.575823 3.574774 3.574421 3.574982 3.574912 3.574840 3.574940 3.575491 3.575804 3.576363 3.577220 3.577944
LSTM: 3.605310 3.636880 3.680238 3.657194 3.618234 3.602701 3.602149 3.605586 3.594685 3.594113 3.587493 3.593159 3.587106 3.594259 3.592090 3.588882 3.619743 3.591798 3.582911 3.582891 3.608230 3.590225 3.602542 3.623236
GRU: 3.803619 3.639389 3.601425 3.602805 3.570109 3.577002 3.599402 3.571285 3.593882 3.595818 3.588541 3.581351 3.572708 3.586800 3.574894 3.590683 3.576189 3.588279 3.590619 3.579040 3.576339 3.588608 3.592160 3.582162
SIMPLE_RNN: 3.575847 3.603871 3.568343 3.580332 3.572085 3.602365 3.572477 3.575831 3.592997 3.589101 3.576534 3.594015 3.622299 3.590048 3.574677 3.573952 3.578759 3.583401 3.579064 3.583277 3.595622 3.582541 3.579500 3.593438
TRANSFORMER: 3.574747 3.577490 3.652738 3.576965 3.575964 3.571998 3.565645 3.575557 3.684389 3.569503 3.606566 3.574679 3.679855 3.576120 3.575146 3.573282 3.579951 3.578473 3.576404 3.567092 3.635286 3.695096 3.566773 3.571667
