CURRENT: 1.965877 1.895142 1.864775 1.634249 1.680529 1.708549 1.751282 1.774463 1.817500 1.863005 1.903916 1.931046 1.962614 1.996879 2.025801 2.049056 2.068921 2.091895 2.110963 2.123260 2.132106 2.143201 2.153462 2.161674
EWMA: 1.260939 1.225418 1.206761 1.193000 1.261688 1.318041 1.372287 1.419961 1.468930 1.512704 1.550244 1.582885 1.614170 1.642432 1.666256 1.686422 1.704188 1.720141 1.732831 1.742567 1.751192 1.759633 1.766586 1.772231
LINEAR: 2.742710 2.426275 2.575241 2.733115 2.599249 2.508979 2.419380 2.375217 2.329149 2.290116 2.248457 2.214058 2.201799 2.174313 2.151255 2.132876 2.129180 2.110325 2.093618 2.082347 2.081247 2.069403 2.057236 2.048975
LIN_HISTORIC: 2.742710 2.426275 2.575241 2.640383 2.523284 2.443457 2.359017 2.322375 2.281191 2.246219 2.208234 2.176123 2.164170 2.139909 2.118331 2.101732 2.096164 2.078925 2.063080 2.053166 2.051543 2.042341 2.031191 2.019299
LSTM: 1.742076 1.709672 4.947058 1.735373 1.862964 2.116066 1.886067 1.746817 1.762177 2.346821 1.758057 1.836244 2.331771 4.738970 1.750393 5.321415 1.801350 1.807989 1.753960 1.846307 1.821241 1.754432 1.944512 1.801352
GRU: 2.061928 1.871986 2.153923 1.758295 3.979120 1.834328 2.498553 2.164250 1.873246 1.761748 1.767590 2.206685 1.859230 1.761600 1.840857 1.775533 1.846508 1.761786 1.819852 1.972091 1.889141 2.048543 1.763619 1.762654
SIMPLE_RNN: 2.067441 2.850887 4.131215 2.679019 3.018354 2.291454 6.291622 4.147744 2.629027 5.301616 5.868524 3.248151 4.599882 2.416005 2.325834 2.403619 2.850288 5.119967 3.922970 4.482675 4.162821 3.778271 3.760307 2.636185
TRANSFORMER: 1.643873 1.755060 1.650600 1.755393 1.679581 1.755475 1.755344 1.624311 1.734051 1.640106 1.639428 1.648434 1.755552 1.633845 1.753657 1.750095 1.751535 1.911569 1.760348 1.750996 1.755559 1.755343 1.791622 1.655751
