CURRENT: 0.617416 0.613521 0.620491 0.578144 0.582281 0.588798 0.592230 0.596011 0.599202 0.601463 0.605232 0.607664 0.610390 0.612218 0.613679 0.614873 0.617595 0.618268 0.619411 0.620477 0.621271 0.622143 0.622918 0.622994
EWMA: 0.486891 0.483849 0.480841 0.474701 0.481700 0.487597 0.491950 0.495720 0.499097 0.502029 0.504884 0.507260 0.509310 0.510963 0.512594 0.514067 0.515514 0.516413 0.517556 0.518312 0.518925 0.519443 0.519738 0.519795
LINEAR: 0.637532 0.637495 0.634870 0.634151 0.634663 0.635164 0.635446 0.635677 0.635824 0.636073 0.636134 0.636267 0.636460 0.636461 0.636506 0.636659 0.636626 0.636602 0.636565 0.636682 0.636646 0.636615 0.636750 0.636724
LIN_HISTORIC: 0.602317 0.602663 0.602925 0.608097 0.613937 0.617947 0.620730 0.622828 0.624411 0.625736 0.626745 0.627656 0.628491 0.629073 0.629615 0.630147 0.630454 0.630743 0.631014 0.631406 0.631612 0.631797 0.632119 0.632288
LSTM: 0.652090 0.635272 0.635240 0.631045 0.632242 0.633425 0.634726 0.633424 0.637240 0.633344 0.632791 0.635315 0.636525 0.635944 0.635684 0.635982 0.635155 0.636337 0.635564 0.637018 0.636729 0.636506 0.637222 0.636443
GRU: 0.642213 0.640145 0.642394 0.635254 0.663310 0.675777 0.633472 0.637318 0.652088 0.636497 0.638209 0.639830 0.640940 0.656809 0.638009 0.698574 0.636612 0.636985 0.636811 0.638481 0.655276 0.637498 0.644627 0.636801
SIMPLE_RNN: 0.796433 0.910886 1.970528 1.427434 1.091019 0.780031 0.992834 0.935677 1.523084 0.979616 1.516045 1.735399 0.698917 1.484992 0.832436 0.941453 0.859938 0.803290 1.263041 0.921628 0.777445 1.432644 0.803387 0.980566
TRANSFORMER: 0.637389 0.637676 0.637340 0.637452 0.637179 0.636737 0.637709 0.637249 0.637601 0.637293 0.637179 0.637490 0.637519 0.637539 0.637396 0.637053 0.637318 0.637201 0.636876 0.637341 0.637144 0.637376 0.636997 0.637433
